+------------------------------------------------------------------------------------------------------------------------------------------------------------------------------------------------------------------------+
; Legal Partition Candidates                                                                                                                                                                                             ;
+-------------------+-------+----------------+--------------+----------------+--------+-----------------+---------------+-----------------+-------+----------------+--------------+------------------+-------------------+
; Hierarchy         ; Input ; Constant Input ; Unused Input ; Floating Input ; Output ; Constant Output ; Unused Output ; Floating Output ; Bidir ; Constant Bidir ; Unused Bidir ; Input only Bidir ; Output only Bidir ;
+-------------------+-------+----------------+--------------+----------------+--------+-----------------+---------------+-----------------+-------+----------------+--------------+------------------+-------------------+
; comb_3|comb_645   ; 643   ; 0              ; 0            ; 0              ; 3      ; 0               ; 0             ; 0               ; 8     ; 0              ; 0            ; 0                ; 0                 ;
; comb_3|comb_4     ; 2     ; 0              ; 0            ; 0              ; 4      ; 0               ; 0             ; 0               ; 8     ; 0              ; 0            ; 0                ; 0                 ;
; comb_3|comb_3     ; 2     ; 125            ; 0            ; 125            ; 160    ; 125             ; 125           ; 125             ; 0     ; 0              ; 0            ; 0                ; 0                 ;
; comb_3|c_bcd2disp ; 65    ; 77             ; 0            ; 77             ; 160    ; 77              ; 77            ; 77              ; 0     ; 0              ; 0            ; 0                ; 0                 ;
; comb_3|c_bin2bcd  ; 64    ; 48             ; 47           ; 48             ; 65     ; 48              ; 48            ; 48              ; 0     ; 0              ; 0            ; 0                ; 0                 ;
; comb_3|b_bcd2disp ; 65    ; 77             ; 0            ; 77             ; 160    ; 77              ; 77            ; 77              ; 0     ; 0              ; 0            ; 0                ; 0                 ;
; comb_3|b_bin2bcd  ; 64    ; 48             ; 47           ; 48             ; 65     ; 48              ; 48            ; 48              ; 0     ; 0              ; 0            ; 0                ; 0                 ;
; comb_3|a_bcd2disp ; 65    ; 77             ; 0            ; 77             ; 160    ; 77              ; 77            ; 77              ; 0     ; 0              ; 0            ; 0                ; 0                 ;
; comb_3|a_bin2bcd  ; 64    ; 48             ; 47           ; 48             ; 65     ; 48              ; 48            ; 48              ; 0     ; 0              ; 0            ; 0                ; 0                 ;
; comb_3            ; 196   ; 145            ; 0            ; 145            ; 3      ; 145             ; 145           ; 145             ; 8     ; 0              ; 0            ; 0                ; 0                 ;
+-------------------+-------+----------------+--------------+----------------+--------+-----------------+---------------+-----------------+-------+----------------+--------------+------------------+-------------------+
